00000000011100000000000100010011
00000010000000000000000110010011
00000000001100000000001000010011
00000000010000011101000110110011
00000000001000011010000000100011
00000000000000011010000010000011
00000000011100001000000010010011
00000000011100001000000010010011
01000000001000001000000010110011
01000000001000001000000010110011
00000000001000001000011001100011
00000000011100001000000010010011
00000000000100000010000000100011
00000000000000001100000010110011
00000000000100000010000000100011
00000000000000000010001010000011